0.05097824287201677
0.035546264753100416
0.0328433036981594
0.03111022486395779
0.030139563285878728
0.02903499494173697
0.02828142141834611
0.027974365722565425
0.027590681727798213
0.027140702307224273
0.02688203900165501
0.026540478159274374
0.026329476874144303
0.026238631492569334
0.025866271839255377
0.026021292051743892
0.025630165955850055
0.025009443956826416
0.025532651382188003
0.024955616971211774
0.024704905413091182
0.024606014007613773
0.024447784067264625
0.02428961004174891
0.02420298819918008
0.024200732518164885
0.02402655200677968
0.023746909165666217
0.02354208208797943
0.02368094531730527
0.023451669163824546
0.02314917886895793
0.023062377378699324
0.02331130498842824
0.023060941731645947
0.0235316095595311
0.021247758606309567
0.020677130535125626
0.019578618382756662
0.01883145100420533
0.018918443051932438
0.018174676582535392
0.017707632797408942
0.0169322759068813
0.016531564873639906
0.01609614130616639
0.015840829275482173
0.015538703482034632
0.015158542499005848
0.014828585884517251
0.014629014650876782
0.014405659632757306
0.014172299687164004
0.01395287863940027
0.013840637636268213
0.013349353918288686
0.01331648399085602
0.013216072568351741
0.012963454478529689
0.01281513369251109
0.012791198650143007
0.012642512449272163
0.012410562166453627
0.012455047994812294
0.01224117359275734
0.012271665594311849
0.012035452350609509
0.011952535635410573
0.011822741402452314
0.011813950663584937
0.011805902747271642
0.011739546402848038
0.01156383779171682
0.011607434963509175
0.011561660459795403
0.011482964755364054
0.01145118742342707
0.011450997593537557
0.011351633850929205
0.011303058881776613
0.01139282420347196
0.0113373109470105
0.011171738808523877
0.011240159509806261
0.011209177934594479
0.011148496020545526
0.011251457437402254
0.011247967338368456
0.011218570723791616
0.011145615971769832
0.011163829373828801
0.011151682641821188
0.011136471348552836
0.011171019672552037
0.01110000723104566
0.011203849084966971
0.011189782271970369
0.011092274525994933
0.011145825143588634
0.01117430308757489
0.011232163496083478
0.011226403478075655
0.01111087050567318
0.011114410601980533
0.011056546081649637
